5960 2.17258e-05
451 0.00018638
3084 0.000264309
1724 0.000466419
7251 0.000611967
2459 0.000802445
326 0.00101845
6657 0.00102493
4965 0.00106922
4300 0.00127217
4717 0.0015687
3539 0.00175156
2415 0.00176277
2786 0.00182843
2423 0.00190725
1865 0.00203569
4488 0.00209138
1982 0.00210065
6465 0.00211203
5526 0.00224707
6592 0.00244071
5513 0.00251774
4249 0.00252525
4185 0.00263939
2835 0.00265729
1826 0.0027709
2902 0.00306565
1139 0.0031196
5330 0.00317027
52 0.00318111
3891 0.00323308
3291 0.00326344
4619 0.00329178
4835 0.00331815
4077 0.00333211
4129 0.00340623
7110 0.00350418
783 0.00351834
4044 0.00353633
5320 0.00355568
5928 0.00364749
6861 0.00372488
966 0.00381465
5198 0.00385267
4252 0.00392207
3079 0.00405771
5208 0.00413647
2235 0.00415901
5907 0.00429025
3196 0.00430799
1928 0.00432143
4517 0.00432904
6930 0.00436031
2597 0.00448054
2890 0.00451986
6836 0.00477702
6980 0.00488372
3012 0.00495841
6769 0.00509109
7811 0.00513369
6036 0.00541563
6065 0.00545048
1133 0.00548215
5650 0.00564561
1448 0.00566744
1884 0.00584026
80 0.00589003
1322 0.00594188
7032 0.00596654
4354 0.00603791
3131 0.00619705
612 0.00621018
5372 0.00634584
377 0.00642896
5859 0.00651013
7958 0.00659095
4822 0.00663503
7793 0.00682669
6385 0.00695555
4064 0.00701442
3843 0.00705653
2244 0.00706279
7874 0.00728819
2823 0.00730373
5088 0.00740972
6071 0.00751273
5092 0.007579
282 0.00798363
1744 0.00822103
741 0.00838311
138 0.00849617
4666 0.00853446
6894 0.00881259
1214 0.00895179
5933 0.00896899
6527 0.00906676
1630 0.00908053
7191 0.00912946
1409 0.00931657
854 0.00976064
8110 0.00983875
3792 0.00999212
6430 0.0100967
4462 0.0103434
6864 0.0103498
1303 0.0107683
5662 0.0114562
1789 0.0115067
5621 0.0115158
3026 0.0116145
5163 0.0117493
1467 0.011815
1631 0.011985
5189 0.0122697
6020 0.0124452
2551 0.0125775
7796 0.0129229
4195 0.0129546
4466 0.0134268
3745 0.0134617
1778 0.0135057
6625 0.0135123
1429 0.0137399
992 0.013799
1543 0.0140361
6525 0.0141395
3431 0.0141647
7198 0.0141692
6463 0.014247
46 0.0144745
25 0.0148949
3360 0.014898
2299 0.0150244
725 0.0150405
4506 0.0152048
150 0.0152932
2539 0.0153
6878 0.0153923
2808 0.0154587
3662 0.0155192
5308 0.015565
6164 0.0156012
7558 0.0156057
7143 0.0158973
3269 0.0160589
3082 0.0163012
8063 0.0166657
1566 0.0172444
5754 0.0173197
7268 0.017337
7847 0.0174097
7132 0.0174117
2405 0.0177905
6582 0.0178104
7763 0.0179578
3567 0.0181015
7234 0.018127
851 0.0182308
2806 0.01872
1338 0.0188517
5900 0.0189316
5537 0.0189673
5572 0.0191494
4957 0.0191991
7795 0.0194699
5245 0.0195776
2870 0.0196832
1153 0.0197594
5451 0.0199509
3007 0.0200075
5431 0.0202777
2106 0.0202815
4999 0.0204143
6773 0.0207033
4394 0.02087
7913 0.0209359
1340 0.0211353
2212 0.0212001
6240 0.0213655
3717 0.0215059
6060 0.021543
4869 0.0215954
3452 0.0216541
3834 0.021752
4595 0.0218437
2994 0.0220248
2537 0.022048
2108 0.0220497
65 0.0222353
576 0.0223261
3428 0.0223926
7372 0.0224421
6173 0.0225107
1809 0.022633
5687 0.0226351
1551 0.0227004
5389 0.0231513
2756 0.0232363
4137 0.0234044
5821 0.0236105
3065 0.0236446
2100 0.0236457
740 0.023688
1100 0.0237047
1642 0.0237327
5953 0.0237344
7927 0.0237711
5127 0.0239208
1968 0.023971
3116 0.0239979
780 0.0241634
6742 0.0242774
5935 0.0242839
4850 0.024582
4605 0.0245837
4764 0.0245843
1697 0.0247078
600 0.0247673
5778 0.0247695
3402 0.0248917
4602 0.0249836
2044 0.0249904
7414 0.0250221
3786 0.0250388
4662 0.0251675
7749 0.025298
618 0.0253782
2387 0.0255902
7939 0.0256248
895 0.0256525
4257 0.0257236
5997 0.0260056
5847 0.0260774
5144 0.0261057
7007 0.0263007
7792 0.0263805
1569 0.0265977
436 0.026798
1463 0.0268395
7192 0.0268777
4545 0.0269144
4262 0.0271483
4829 0.0271669
7101 0.0271846
3019 0.0272853
4847 0.0274496
2409 0.027607
221 0.027715
6203 0.0277736
4319 0.0278593
2687 0.028061
4523 0.0281417
242 0.0283038
3216 0.0285435
7652 0.0288852
2186 0.0291761
