451 0.00018638
3084 0.000264309
1724 0.000466419
2459 0.000802445
326 0.00101845
3539 0.00175156
2415 0.00176277
2786 0.00182843
2423 0.00190725
1865 0.00203569
1982 0.00210065
2835 0.00265729
1826 0.0027709
2902 0.00306565
1139 0.0031196
52 0.00318111
3891 0.00323308
3291 0.00326344
4077 0.00333211
783 0.00351834
4044 0.00353633
966 0.00381465
3079 0.00405771
2235 0.00415901
3196 0.00430799
1928 0.00432143
2597 0.00448054
2890 0.00451986
3012 0.00495841
1133 0.00548215
1448 0.00566744
1884 0.00584026
80 0.00589003
1322 0.00594188
3131 0.00619705
612 0.00621018
377 0.00642896
4064 0.00701442
3843 0.00705653
2244 0.00706279
2823 0.00730373
282 0.00798363
1744 0.00822103
741 0.00838311
138 0.00849617
1214 0.00895179
1630 0.00908053
1409 0.00931657
854 0.00976064
3792 0.00999212
1303 0.0107683
1789 0.0115067
3026 0.0116145
1467 0.011815
1631 0.011985
2551 0.0125775
3745 0.0134617
1778 0.0135057
1429 0.0137399
992 0.013799
1543 0.0140361
3431 0.0141647
46 0.0144745
25 0.0148949
3360 0.014898
2299 0.0150244
725 0.0150405
150 0.0152932
2539 0.0153
2808 0.0154587
3662 0.0155192
3269 0.0160589
3082 0.0163012
1566 0.0172444
2405 0.0177905
3567 0.0181015
851 0.0182308
2806 0.01872
1338 0.0188517
2870 0.0196832
1153 0.0197594
3007 0.0200075
2106 0.0202815
1340 0.0211353
2212 0.0212001
3717 0.0215059
3452 0.0216541
3834 0.021752
2994 0.0220248
2537 0.022048
2108 0.0220497
65 0.0222353
576 0.0223261
3428 0.0223926
1809 0.022633
1551 0.0227004
2756 0.0232363
3065 0.0236446
2100 0.0236457
740 0.023688
1100 0.0237047
1642 0.0237327
1968 0.023971
3116 0.0239979
780 0.0241634
1697 0.0247078
600 0.0247673
3402 0.0248917
2044 0.0249904
3786 0.0250388
618 0.0253782
2387 0.0255902
895 0.0256525
1569 0.0265977
436 0.026798
1463 0.0268395
3019 0.0272853
2409 0.027607
221 0.027715
2687 0.028061
242 0.0283038
3216 0.0285435
2186 0.0291761
3656 0.0295973
1660 0.030041
99 0.0302947
1392 0.0303739
415 0.0310403
